1.000000000000000000e+00 2.135634957767251763e-08 1.179582831412062660e-08
1.695361628861746794e-09 1.000000000000000000e+00 4.660953401014467090e-09
1.000000000000000000e+00 1.009146988195652739e-08 2.959356093512610641e-09
3.223041611377652771e-09 1.000000000000000000e+00 2.846104241172042748e-09
1.000000000000000000e+00 1.077075051370002257e-08 2.442252400314259830e-09
1.539957494856025733e-08 1.000000000000000000e+00 1.195617826965644781e-08
9.309331971962819807e-09 1.000000000000000000e+00 1.109439473623297090e-08
9.696361047417667578e-09 4.612314086216429132e-09 1.000000000000000000e+00
3.458108910336932240e-09 1.000000000000000000e+00 6.562012266897454538e-09
1.541099663882050663e-06 2.782898356201712886e-08 9.999984502792358398e-01
9.999748468399047852e-01 2.144127029168885201e-05 3.720689392139320262e-06
4.461914837605718276e-09 1.000000000000000000e+00 8.335525158997825201e-09
1.412193295635688628e-08 1.000000000000000000e+00 5.614638975970365209e-09
4.160183016210794449e-05 7.234332617372274399e-03 9.927241206169128418e-01
5.518029411177849397e-08 4.774789452710592741e-09 9.999998807907104492e-01
4.314504167268751189e-06 1.961125235538929701e-05 9.999760389328002930e-01
1.000000000000000000e+00 1.487121981114114533e-08 3.542114823673614410e-09
2.560895140391039604e-08 5.739824260331261030e-08 9.999998807907104492e-01
3.960847720918536652e-07 9.914378651387778518e-09 9.999996423721313477e-01
1.000000000000000000e+00 8.539660534268023184e-09 2.207936056208836817e-09
1.638931435010704263e-09 1.000000000000000000e+00 3.395035141906532772e-09
9.142324230992926459e-09 1.000000000000000000e+00 1.045369479868440976e-08
9.999811649322509766e-01 1.784010055416729301e-05 1.007842115541279782e-06
9.999998807907104492e-01 9.625092189935458009e-08 2.830028122957628511e-08
9.999985694885253906e-01 1.168573703580477741e-06 2.860372205759631470e-07
1.000000000000000000e+00 1.357116818923032042e-08 4.191660796237783870e-09
9.477076901021064259e-08 2.443066762225498678e-07 9.999996423721313477e-01
8.096407100310898386e-09 1.000000000000000000e+00 7.258195378057052949e-09
4.252832752627000446e-09 1.000000000000000000e+00 1.884727218737225485e-08
1.983931907645342108e-09 1.000000000000000000e+00 7.318555095281453760e-09
6.054648906683723908e-07 2.802124186018772889e-07 9.999991655349731445e-01
8.820523866859275586e-09 1.000000000000000000e+00 4.032549849597444336e-09
4.704808542754790324e-09 1.000000000000000000e+00 3.566615447425647289e-09
1.618459921637338539e-09 1.000000000000000000e+00 1.474833588588353450e-09
1.000000000000000000e+00 7.119112854780951238e-09 2.046245173303873344e-09
5.448365314464354014e-09 1.000000000000000000e+00 1.894570367255710153e-08
5.305997419213781541e-09 1.000000000000000000e+00 8.029141795873329102e-09
3.609247900548950838e-10 1.000000000000000000e+00 9.299317427213793508e-10
1.220692791292776747e-08 9.999998807907104492e-01 6.159834953223253251e-08
1.546683670028414781e-08 1.000000000000000000e+00 1.430484086739625127e-08
4.083782201291796810e-09 1.000000000000000000e+00 1.071056132673220418e-08
9.999998807907104492e-01 1.252811898666550405e-07 2.898920214988720545e-08
1.000000000000000000e+00 1.318094522417823100e-09 7.675073354640460366e-10
1.000000000000000000e+00 3.970722062263121188e-08 1.139042193898376354e-08
4.909269932795723435e-07 4.878007985098520294e-06 9.999946355819702148e-01
4.385086072034027893e-08 9.999990463256835938e-01 9.957764177670469508e-07
1.702152974125681340e-09 1.000000000000000000e+00 2.996822345835425949e-09
1.000000000000000000e+00 2.712770097446082218e-08 3.222330136054551986e-08
1.575687783770263195e-04 5.410554585978388786e-04 9.993013143539428711e-01
1.654096637437874051e-09 1.000000000000000000e+00 1.047335285164763263e-08
5.994701979261662927e-08 1.870955479432723223e-08 9.999998807907104492e-01
2.616569716451522254e-08 1.000000000000000000e+00 5.548668369215192797e-08
1.435340069022572607e-09 1.000000000000000000e+00 9.850032789415763546e-09
5.640499267656196025e-08 1.000000000000000000e+00 2.796086917555840046e-08
1.510157510153931071e-08 1.000000000000000000e+00 4.068142445134981244e-08
8.937084930948913097e-05 9.707676363177597523e-04 9.989398121833801270e-01
1.773702573704127872e-10 1.000000000000000000e+00 3.256097058645934794e-10
2.270963972428319266e-10 1.000000000000000000e+00 3.168535434028285636e-10
7.535044588280470634e-09 1.000000000000000000e+00 7.639703092365834891e-09
4.051074586897129848e-09 1.000000000000000000e+00 2.792904751913738437e-08
1.641976414248347282e-04 1.726701011648401618e-04 9.996631145477294922e-01
7.566889337340398924e-08 9.999996423721313477e-01 2.095399196377911721e-07
3.225379785476434336e-08 9.999998807907104492e-01 1.227796815328474622e-07
9.999998807907104492e-01 1.417668329395382898e-07 2.048241221075386420e-08
1.000000000000000000e+00 8.649156391093981711e-10 3.812183624329890108e-10
9.999990463256835938e-01 8.898746841623506043e-07 1.196810472947618109e-07
4.181481472187442705e-07 1.286158806124149123e-07 9.999994039535522461e-01
1.163012157689991000e-07 9.999986886978149414e-01 1.213757855111907702e-06
2.217431074313935824e-06 3.472000116744311526e-06 9.999942779541015625e-01
5.035954320220525915e-09 1.000000000000000000e+00 3.691670524830215072e-09
3.443683027626320836e-08 5.311282968989416986e-09 1.000000000000000000e+00
1.912512148649625487e-09 1.000000000000000000e+00 4.417188392835669219e-09
2.612785579003684688e-07 9.999989271163940430e-01 8.937835787037329283e-07
2.609954252719148826e-09 1.000000000000000000e+00 1.375305203055177117e-08
6.489202775128433132e-08 4.382222229537546809e-08 9.999998807907104492e-01
1.386479852953925729e-04 4.921844720229273662e-06 9.998563528060913086e-01
1.223158818675074144e-08 1.000000000000000000e+00 1.545592454021971207e-08
3.304151050542714074e-06 3.559654260243405588e-06 9.999930858612060547e-01
1.724021529980745981e-07 6.984454614666901762e-08 9.999997615814208984e-01
8.272906597994733602e-06 5.803348904009908438e-05 9.999337196350097656e-01
1.934428839334145778e-09 1.000000000000000000e+00 2.327179560168701755e-09
9.999989271163940430e-01 7.580337069157394581e-07 3.863468975850992138e-07
9.511685306051731459e-08 9.999997615814208984e-01 6.656432560703251511e-08
1.000000000000000000e+00 1.747998368273329106e-08 1.361010326661471481e-08
5.231810519035207108e-06 1.566560604260303080e-05 9.999791383743286133e-01
6.713139555358793586e-08 9.999990463256835938e-01 8.816991794446948916e-07
2.052671588259613600e-09 1.000000000000000000e+00 3.486594124524344807e-09
2.620953898357925027e-09 1.000000000000000000e+00 4.952019683202024680e-09
3.182933361323136978e-10 1.000000000000000000e+00 7.370579702126178745e-10
3.154529082394219586e-09 1.000000000000000000e+00 3.409226678741106298e-09
2.044137090706499293e-06 2.152188329773707665e-07 9.999977350234985352e-01
3.781027757554511481e-08 1.000000000000000000e+00 3.760549649456379484e-09
9.999998807907104492e-01 1.334396273477977957e-07 2.213085181779206323e-08
7.730509565817555995e-09 1.000000000000000000e+00 1.375373503975652056e-08
4.486840339268383104e-07 3.065790679102065042e-07 9.999992847442626953e-01
1.850640387601742987e-07 2.604579947274032747e-07 9.999995231628417969e-01
9.999991655349731445e-01 6.676356179013964720e-07 1.028410707704097149e-07
5.315712883202650119e-07 1.963139197869168129e-07 9.999992847442626953e-01
9.659901252234703861e-07 1.938312266247521620e-07 9.999988079071044922e-01
5.892887244840494532e-08 2.208942584402961984e-09 9.999998807907104492e-01
9.999998807907104492e-01 1.451049342904298101e-07 2.651081310034442140e-08
1.000000000000000000e+00 5.303710803872263568e-09 2.332294357643149851e-09
3.391840436961501837e-04 9.736116528511047363e-01 2.604919672012329102e-02
1.000000000000000000e+00 3.565677086925234107e-09 7.050082045934047414e-11
9.999997615814208984e-01 1.028534910574308014e-07 6.110219885613332735e-08
2.490174511038389937e-09 1.000000000000000000e+00 4.984703760868569589e-09
9.999990463256835938e-01 8.309206691592407878e-07 1.711583053065623972e-07
9.250704091634531778e-10 1.000000000000000000e+00 1.365481838710991269e-09
7.039464122726712958e-08 4.476559123389733941e-09 9.999998807907104492e-01
1.000000000000000000e+00 6.877047820097459407e-09 1.825332107685539995e-09
9.039637234309338965e-07 7.024795650067972019e-06 9.999920129776000977e-01
1.546234962290782278e-08 9.999996423721313477e-01 3.085614537212677533e-07
1.248318870494813382e-08 1.000000000000000000e+00 1.415286110528768404e-08
5.983649686847059002e-10 1.000000000000000000e+00 1.437496122136394661e-09
5.487685257321572863e-07 1.260841145267477259e-06 9.999982118606567383e-01
9.999998807907104492e-01 9.978928261489272700e-08 2.904593188191029185e-08
1.097415269768475810e-09 1.000000000000000000e+00 1.553888906435929584e-09
7.430120074758406190e-09 1.000000000000000000e+00 1.304992114370406853e-08
1.657875145610887557e-05 9.999793767929077148e-01 3.996828127128537744e-06
2.795533418975537643e-06 9.999793767929077148e-01 1.789833186194300652e-05
8.471618457406293601e-06 9.999457597732543945e-01 4.582094697980210185e-05
3.152781346216215752e-06 9.999965429306030273e-01 2.984758680213417392e-07
4.126517524127848446e-05 9.999511241912841797e-01 7.635306246811524034e-06
1.238268851011525840e-06 9.999970197677612305e-01 1.743536472531559411e-06
7.592802285216748714e-04 9.986935257911682129e-01 5.471905460581183434e-04
1.673617771302815527e-05 9.998096823692321777e-01 1.736889244057238102e-04
1.448967843316495419e-03 3.528851270675659180e-02 9.632624983787536621e-01
4.345143224782077596e-06 9.999912977218627930e-01 4.390638878248864785e-06
6.761197437299415469e-05 9.998046755790710449e-01 1.277667615795508027e-04
5.768212722614407539e-04 9.982688426971435547e-01 1.154299592599272728e-03
8.375684410566464067e-05 9.999090433120727539e-01 7.198348157544387504e-06
2.244895003968849778e-04 5.228600464761257172e-03 9.945468902587890625e-01
9.816553756536450237e-06 9.999763965606689453e-01 1.387127213092753664e-05
1.317767426371574402e-03 1.026037633419036865e-01 8.960784673690795898e-01
9.782657725736498833e-04 1.195081025362014771e-01 8.795135617256164551e-01
2.394022703811060637e-05 9.999049901962280273e-01 7.100408402038738132e-05
3.752758202608674765e-04 5.552700720727443695e-03 9.940720200538635254e-01
1.373411942040547729e-05 9.999474287033081055e-01 3.883472163579426706e-05
5.818383579025976360e-05 9.992159605026245117e-01 7.259384146891534328e-04
7.194069679826498032e-03 2.218588888645172119e-01 7.709470987319946289e-01
1.604635617695748806e-04 9.995711445808410645e-01 2.683834754861891270e-04
4.731976659968495369e-04 9.994993209838867188e-01 2.753043372649699450e-05
1.036757603287696838e-03 9.983323216438293457e-01 6.310120224952697754e-04
4.504164735408267006e-06 9.999853372573852539e-01 1.012608208839083090e-05
1.147877337643876672e-04 9.997338652610778809e-01 1.513891038484871387e-04
6.599054904654622078e-05 9.997019171714782715e-01 2.320053317816928029e-04
4.215208173263818026e-04 6.217408925294876099e-03 9.933609962463378906e-01
6.200437201187014580e-05 9.993852376937866211e-01 5.528001929633319378e-04
2.183967008022591472e-04 3.129234537482261658e-03 9.966524243354797363e-01
2.562808185757603496e-05 9.999631643295288086e-01 1.126192819356219843e-05
8.919465471990406513e-04 9.945530891418457031e-01 4.554944112896919250e-03
6.142837810330092907e-05 9.998711347579956055e-01 6.750699685653671622e-05
3.308283921796828508e-04 9.996610879898071289e-01 8.051878467085771263e-06
8.002456161193549633e-05 9.998360872268676758e-01 8.385935507249087095e-05
9.611991699784994125e-04 2.015892863273620605e-01 7.974494695663452148e-01
3.760550171136856079e-04 7.128876168280839920e-04 9.989110231399536133e-01
7.974776672199368477e-04 2.876290306448936462e-02 9.704396128654479980e-01
1.150622301793191582e-05 9.999579191207885742e-01 3.046809251827653497e-05
2.059164107777178288e-04 3.520866739563643932e-04 9.994420409202575684e-01
1.877358445199206471e-04 9.998103976249694824e-01 1.895897298709314782e-06
1.165405024039500859e-06 9.999974966049194336e-01 1.311360165345831774e-06
9.905691695166751742e-05 9.998342990875244141e-01 6.664785178145393729e-05
2.744020457612350583e-05 9.999700784683227539e-01 2.556919298513093963e-06
8.883941336534917355e-05 9.997939467430114746e-01 1.172924166894517839e-04
7.686621393077075481e-05 3.840905381366610527e-03 9.960822463035583496e-01
5.044606514275074005e-04 9.994286894798278809e-01 6.679118814645335078e-05
2.411179157206788659e-04 2.095762081444263458e-02 9.788013100624084473e-01
2.900404797401279211e-04 9.995905756950378418e-01 1.194392316392622888e-04
2.008395131269935519e-05 9.999240636825561523e-01 5.588178100879304111e-05
5.735159851610660553e-03 9.246916770935058594e-01 6.957320123910903931e-02
1.898269692901521921e-04 9.948694705963134766e-01 4.940658342093229294e-03
8.649903975310735404e-06 9.999728202819824219e-01 1.849626096372958273e-05
1.798259472707286477e-04 9.990579485893249512e-01 7.621738477610051632e-04
1.349773901893058792e-05 9.999508857727050781e-01 3.568168904166668653e-05
2.069905604002997279e-04 9.997447133064270020e-01 4.821018956135958433e-05
6.795881927246227860e-05 9.995446801185607910e-01 3.873257082886993885e-04
1.014632834994699806e-05 9.999781847000122070e-01 1.167465507023734972e-05
1.193698262795805931e-04 3.384842537343502045e-03 9.964957833290100098e-01
1.148801602539606392e-04 9.997242093086242676e-01 1.608347083674743772e-04
9.125438518822193146e-04 3.317717695608735085e-03 9.957697391510009766e-01
2.806466909532900900e-05 9.999026060104370117e-01 6.932333781151100993e-05
1.313795510213822126e-04 9.997507929801940918e-01 1.178434686153195798e-04
1.448722556233406067e-03 7.013943791389465332e-02 9.284119009971618652e-01
3.230644797440618277e-04 9.994279742240905762e-01 2.488640020601451397e-04
2.846251241862773895e-03 8.950701355934143066e-01 1.020836010575294495e-01
9.669728024164214730e-05 9.989913105964660645e-01 9.119322057813405991e-04
9.479477739660069346e-05 9.999042749404907227e-01 9.338049835605488624e-07
1.722799242998007685e-05 9.998198151588439941e-01 1.629150938242673874e-04
8.579213317716494203e-05 9.998258948326110840e-01 8.832136518321931362e-05
3.197003155946731567e-03 6.601861119270324707e-02 9.307844042778015137e-01
1.771080191247165203e-03 5.007240176200866699e-01 4.975048899650573730e-01
1.157753402367234230e-03 1.999729126691818237e-01 7.988693118095397949e-01
3.445555223152041435e-03 2.058175951242446899e-01 7.907368540763854980e-01
7.937539521662984043e-06 9.999749660491943359e-01 1.700222128420136869e-05
8.480328251607716084e-04 1.439209748059511185e-02 9.847598671913146973e-01
5.098100155009888113e-05 9.999451637268066406e-01 3.780005954467924312e-06
3.857380070257931948e-04 9.993101358413696289e-01 3.041491145268082619e-04
2.936108037829399109e-03 9.695484638214111328e-01 2.751551568508148193e-02
4.409032699186354876e-04 1.399988085031509399e-01 8.595603108406066895e-01
3.531863694661296904e-05 9.998643398284912109e-01 1.003737415885552764e-04
1.638707035453990102e-04 6.402952969074249268e-02 9.358066320419311523e-01
9.161375055555254221e-05 9.989301562309265137e-01 9.782470297068357468e-04
2.371166192460805178e-04 2.241582376882433891e-03 9.975213408470153809e-01
3.493502299534156919e-05 9.998697042465209961e-01 9.532909461995586753e-05
3.093536710366606712e-03 4.151635989546775818e-02 9.553900957107543945e-01
5.213805343373678625e-05 9.997326731681823730e-01 2.152725210180506110e-04
4.344933549873530865e-04 9.981765747070312500e-01 1.388949458487331867e-03
2.330166807951172814e-06 9.999555349349975586e-01 4.211713894619606435e-05
4.339154344052076340e-03 2.554835081100463867e-01 7.401773333549499512e-01
1.206285742227919400e-04 9.998430013656616211e-01 3.632376683526672423e-05
5.761931533925235271e-04 5.883167032152414322e-04 9.988355040550231934e-01
1.323206815868616104e-03 7.691902518272399902e-01 2.294864952564239502e-01
6.773993372917175293e-04 1.792311668395996094e-02 9.813994765281677246e-01
5.290548870107159019e-05 2.213403058703988791e-04 9.997257590293884277e-01
8.073779172264039516e-04 9.990622401237487793e-01 1.303788303630426526e-04
9.464765753364190459e-05 1.256845658645033836e-03 9.986485838890075684e-01
5.598201823886483908e-05 9.997803568840026855e-01 1.636220840737223625e-04
4.110820373171009123e-05 9.998849630355834961e-01 7.387807272607460618e-05
5.463895377033622935e-06 9.999847412109375000e-01 9.769443749974016100e-06
3.929689119104295969e-04 1.366120018064975739e-02 9.859458804130554199e-01
7.200888358056545258e-04 4.134326241910457611e-03 9.951456189155578613e-01
7.057850598357617855e-05 1.872809953056275845e-04 9.997420907020568848e-01
3.416535764699801803e-05 9.999471902847290039e-01 1.859246731328312308e-05
1.328049041330814362e-02 7.301380038261413574e-01 2.565814852714538574e-01
1.762671745382249355e-03 9.978861212730407715e-01 3.511135291773825884e-04
9.978737682104110718e-03 2.924323678016662598e-01 6.975888609886169434e-01
4.201435785944340751e-06 9.999769926071166992e-01 1.880593117675743997e-05
3.613858425524085760e-04 9.985319375991821289e-01 1.106691081076860428e-03
2.732792636379599571e-04 9.996289014816284180e-01 9.788780153030529618e-05
2.177436545025557280e-05 9.999248981475830078e-01 5.326425889506936073e-05
2.398509386694058776e-04 2.785070100799202919e-04 9.994816184043884277e-01
1.133002879214473069e-04 9.993454813957214355e-01 5.412631435319781303e-04
1.703803136479109526e-04 9.995408058166503906e-01 2.888336020987480879e-04
5.155999679118394852e-04 1.173717342317104340e-02 9.877471923828125000e-01
8.619757136330008507e-05 9.989221096038818359e-01 9.916971903294324875e-04
8.835301741783041507e-06 9.999748468399047852e-01 1.628239260753616691e-05
6.941935862414538860e-04 6.375782489776611328e-01 3.617275655269622803e-01
7.849644316593185067e-05 9.998705387115478516e-01 5.092564606457017362e-05
4.856760642724111676e-05 9.996600151062011719e-01 2.913308853749185801e-04
2.506532939150929451e-03 6.592370271682739258e-01 3.382564783096313477e-01
1.920517206599470228e-05 9.999252557754516602e-01 5.560583304031752050e-05
3.020731674041599035e-04 4.381953272968530655e-03 9.953160285949707031e-01
1.614237204194068909e-03 9.974467754364013672e-01 9.390379418618977070e-04
7.524839136749505997e-03 2.292238362133502960e-02 9.695527553558349609e-01
2.222723924205638468e-05 9.999097585678100586e-01 6.810406921431422234e-05
2.371431910432875156e-04 9.978433847427368164e-01 1.919414266012609005e-03
5.910040345042943954e-04 9.894232153892517090e-01 9.985703974962234497e-03
1.615735345694702119e-05 9.998522996902465820e-01 1.315136032644659281e-04
1.948468707269057631e-05 9.998548030853271484e-01 1.257460389751940966e-04
1.185191940749064088e-04 1.836005976656451821e-04 9.996979236602783203e-01
1.609275001101195812e-03 5.034396052360534668e-02 9.480468034744262695e-01
3.687519711093045771e-05 9.998894929885864258e-01 7.370346429524943233e-05
5.867588333785533905e-05 9.994707703590393066e-01 4.706553008873015642e-04
3.290321445092558861e-03 1.211095079779624939e-01 8.756002187728881836e-01
1.430429983884096146e-04 7.251048227772116661e-04 9.991318583488464355e-01
1.970445737242698669e-04 5.078944377601146698e-03 9.947239756584167480e-01
6.902150198584422469e-05 9.996036887168884277e-01 3.273088368587195873e-04
3.247451386414468288e-04 9.959596991539001465e-01 3.715593600645661354e-03
1.479460934206144884e-06 9.999972581863403320e-01 1.344661882285436150e-06
1.232016365975141525e-04 9.992303848266601562e-01 6.464384496212005615e-04
9.056374983629211783e-05 4.802578478120267391e-04 9.994291663169860840e-01
1.778376608854159713e-04 8.941319538280367851e-04 9.989280104637145996e-01
1.215158612467348576e-03 9.961806535720825195e-01 2.604167442768812180e-03
3.101824317127466202e-03 3.080007731914520264e-01 6.888974308967590332e-01
3.814908559434115887e-04 4.587164521217346191e-02 9.537468552589416504e-01
2.245609503006562591e-04 9.972724318504333496e-01 2.502969931811094284e-03
1.053185202181339264e-03 1.146100834012031555e-01 8.843367695808410645e-01
4.626086229109205306e-05 9.997037053108215332e-01 2.500640694051980972e-04
7.071803556755185127e-04 9.473760724067687988e-01 5.191664025187492371e-02
7.683303556405007839e-05 9.997503161430358887e-01 1.728102070046588778e-04
3.868161875288933516e-04 2.572479285299777985e-02 9.738883972167968750e-01
9.239873179467394948e-05 9.998844861984252930e-01 2.311354182893410325e-05
2.768005060715950094e-06 9.999834299087524414e-01 1.383437756885541603e-05
2.177953319915104657e-05 9.998884201049804688e-01 8.973101648734882474e-05
1.774510252289474010e-03 2.795683033764362335e-02 9.702686667442321777e-01
5.419936860562302172e-05 9.995998740196228027e-01 3.459718427620828152e-04
7.380067836493253708e-05 1.835181261412799358e-03 9.980910420417785645e-01
1.184840919449925423e-03 1.614496111869812012e-02 9.826701283454895020e-01
9.030764340423047543e-04 6.127208843827247620e-02 9.378248453140258789e-01
2.645869926709565334e-06 9.999939203262329102e-01 3.507057272145175375e-06
2.122069963661488146e-05 9.999636411666870117e-01 1.509478715888690203e-05
2.739666961133480072e-04 1.149578369222581387e-03 9.985764026641845703e-01
1.373306295135989785e-04 9.991618394851684570e-01 7.008526008576154709e-04
6.812369101680815220e-04 9.986727237701416016e-01 6.460462464019656181e-04
1.018599374219775200e-03 1.040181592106819153e-01 8.949632644653320312e-01
2.565901668276637793e-04 9.824429638683795929e-03 9.899189472198486328e-01
8.152763359248638153e-03 9.895929098129272461e-01 2.254283055663108826e-03
3.145053342450410128e-04 9.990571141242980957e-01 6.284044939093291759e-04
5.047679951530881226e-05 5.096751265227794647e-04 9.994397759437561035e-01
1.839661505073308945e-03 9.972802400588989258e-01 8.801604853942990303e-04
8.313147700391709805e-04 1.314159296452999115e-02 9.860271215438842773e-01
1.603081036591902375e-04 5.390899255871772766e-03 9.944487810134887695e-01
2.694553229957818985e-03 9.923065304756164551e-01 4.998908843845129013e-03
4.516769695328548551e-05 9.990529417991638184e-01 9.019395802170038223e-04
1.406765750289196149e-05 9.999290704727172852e-01 5.683725976268760860e-05
2.744764788076281548e-04 9.992978572845458984e-01 4.276683030184358358e-04
3.086334618274122477e-05 9.998713731765747070e-01 9.770708129508420825e-05
1.661464339122176170e-03 3.392914235591888428e-01 6.590470671653747559e-01
3.235214622691273689e-03 2.038758546113967896e-01 7.928889393806457520e-01
4.952450399287045002e-04 3.955673892050981522e-03 9.955490827560424805e-01
3.741589534911327064e-05 9.996974468231201172e-01 2.651440154295414686e-04
5.173462341190315783e-06 9.999667406082153320e-01 2.811627200571820140e-05
5.491665069712325931e-05 9.998315572738647461e-01 1.134790363721549511e-04
6.218742055352777243e-05 9.997255206108093262e-01 2.123067533830180764e-04
1.257947733392938972e-04 9.994537234306335449e-01 4.204022116027772427e-04
2.077332464978098869e-05 9.999651908874511719e-01 1.401488316332688555e-05
1.386851072311401367e-04 9.997864365577697754e-01 7.485654350602999330e-05
5.159394349902868271e-04 5.077155772596597672e-03 9.944069385528564453e-01
2.342402003705501556e-04 1.464984496124088764e-03 9.983008503913879395e-01
1.082942981156520545e-05 9.999004602432250977e-01 8.870816964190453291e-05
1.084857067326083779e-04 9.997661709785461426e-01 1.253282098332419991e-04
4.149188953306293115e-06 9.999898672103881836e-01 5.900882115383865312e-06
6.340417545288801193e-03 9.683780670166015625e-01 2.528151124715805054e-02
1.393225102219730616e-04 9.995978474617004395e-01 2.629227528814226389e-04
2.127561159431934357e-02 9.686179161071777344e-01 1.010649744421243668e-02
1.891792868264019489e-03 9.919303059577941895e-01 6.177815608680248260e-03
2.161990996683016419e-04 9.997532963752746582e-01 3.053486216231249273e-05
2.281088149175047874e-03 5.882749706506729126e-02 9.388914108276367188e-01
8.230836101574823260e-05 9.998158812522888184e-01 1.018083785311318934e-04
3.530999310896731913e-05 9.997979998588562012e-01 1.667357573751360178e-04
9.213802404701709747e-04 6.679171323776245117e-01 3.311614692211151123e-01
8.316838648170232773e-05 9.997487664222717285e-01 1.680509012658149004e-04
2.141084842151030898e-04 9.997628331184387207e-01 2.308394505234900862e-05
2.477092202752828598e-03 1.742234639823436737e-02 9.801005125045776367e-01
6.124873179942369461e-04 9.809643030166625977e-03 9.895778894424438477e-01
9.211105061694979668e-04 1.012801975011825562e-01 8.977986574172973633e-01
4.711064036655443488e-07 9.999991655349731445e-01 4.126998760511924047e-07
3.401266440050676465e-06 9.999706745147705078e-01 2.586672599136363715e-05
4.887915565632283688e-06 9.999703168869018555e-01 2.476601548551116139e-05
1.301206350326538086e-01 8.147310614585876465e-01 5.514825880527496338e-02
2.833449107129126787e-04 9.996733665466308594e-01 4.326606358517892659e-05
9.316659998148679733e-06 9.997058510780334473e-01 2.847768773790448904e-04
